%YAML:1.0
K1: !!opencv-matrix
   rows: 3
   cols: 3
   dt: d
   data: [ 960.1149, 0.0, 694.7923, 0.0, 954.8911, 240.3547, 0.0, 0.0, 1.0]
K2: !!opencv-matrix
   rows: 3
   cols: 3
   dt: d
   data: [ 904.9931, 0.0, 695.7698, 0.0, 900.4945, 238.982, 0.0, 0.0, 1.0 ]
D1: !!opencv-matrix
   rows: 1
   cols: 5
   dt: d
   data: [-0.3685917, 0.1928022, 0.0004069233, 0.0007247536, -0.06276909]
D2: !!opencv-matrix
   rows: 1
   cols: 5
   dt: d
   data: [-0.3735725, 0.2066816, -0.0006133284, -0.0001193269, -0.07600861]
R: !!opencv-matrix
   rows: 3
   cols: 3
   dt: d
   data: [ 1.0, 0.0, 0.0,
           0.0, 1.0, 0.0,
           0.0, 0.0, 1.0]
T: [-0.532, 0, 0]
XR: !!opencv-matrix
   rows: 3
   cols: 3
   dt: d
   data: [ 1.00080,   0.00080,   0.00000,
           0.00000,   1.00000,   0.00080,
           0.00000,   0.00000,   1.00080 ]
XT: !!opencv-matrix
   rows: 3
   cols: 1
   dt: d
   data: [ 0.0,
           0.0,
           0.0 ]
